3,1
3,3
10,115
10,11
10,241
10,247
10,219
10,109
10,153
10,2
9,5
8,11
8,14
8,15
8,18
8,13
66,4
66,3
66,2
66,1
66,0
20,3
20,2
20,1
19,2
19,3
19,1
12,3
12,2
12,1
11,29
11,28
11,27
11,26
11,25
11,24
11,23
11,22
11,21
11,20
11,19
11,18
11,17
11,16
11,15
11,14
11,13
11,12
11,11
11,10
11,9
11,8
11,7
11,6
11,5
11,4
11,3
11,2
11,1
10,313
10,311
10,310
10,308
10,305
10,304
10,303
10,300
10,298
10,295
10,294
10,293
10,292
10,267
10,257
10,253
10,243
10,223
10,191
10,189
18,1
10,163
10,137
18,3
10,129
10,89
